0	567.8660745539053 -930.1415210129935
0	591.6451980739166 -739.9389202502599
0	733.9849216731322 -876.8896093373894
0	443.81262741033504 -960.3296113455114
0	614.0589054419113 -460.00037688206163
0	453.43409975727155 -743.11455700312
0	781.9496334565982 -862.1478017309164
0	678.0264235960174 -1063.5928725727367
0	683.6072391912292 -863.9900020895684
0	749.60885610315 -861.2002449785108
0	447.60689869125247 -856.1162258699428
0	505.71662376673856 -834.8713500126721
0	419.0540602601743 -1049.536384146706
0	574.1944636768487 -938.9110749728183
0	699.661725984308 -903.4581341101717
0	578.5743929833831 -930.8303313979272
0	454.9784847118375 -1005.0334693425534
0	526.3317193160973 -990.2534363062285
0	626.3357833608206 -971.1525036543479
0	328.3200627546943 -979.4639301398461
0	651.5731321944988 -963.1745122426952
0	365.22528504149125 -1064.5709990268513
0	595.1951084690259 -934.036165307836
0	403.6178755460212 -1140.5396747644022
0	370.6370423680669 -1023.8282300231477
0	441.4599021683149 -770.3612986187152
0	333.0410578186433 -860.3926207038622
0	559.89716920587 -988.6203465708167
0	685.3818684113904 -944.2441249077751
0	500.7727925082471 -854.2232264262107
0	574.802852912386 -890.1560529599021
0	576.4236754003027 -937.9367844819648
0	584.0757457097886 -943.6545001617252
0	556.4325051377617 -932.6920502046382
0	454.845503068448 -977.5211876544975
0	640.1781196384999 -1063.0070109534868
0	570.2359793107921 -1002.7910393279708
0	342.9087019696342 -1190.001149212399
0	537.2421322754124 -881.587014712351
0	383.7477354141704 -990.0071158383199
0	523.68804252012 -878.1511082222531
0	595.1698052535097 -911.8551364478781
0	556.1539041076904 -862.0052985752936
0	923.2193713377869 -1100.528899607933
0	565.9175520790391 -855.487154314689
0	555.7638814942604 -757.197851877842
0	769.6934447171955 -1088.2426596693372
0	365.3164785540449 -904.1263947110504
0	553.0821064964769 -1075.457355684427
0	626.644782234471 -912.9572782118069
0	583.5280071529468 -912.3014945773077
0	646.9167718544297 -981.9438439094778
0	577.2880195938405 -933.1083371314619
0	656.0839109526165 -879.5757624827587
0	564.48224782746 -1060.3319796465555
0	344.09011482091006 -995.1810947725389
0	441.35836382277705 -732.9494960165714
0	858.2303579625126 -771.1199457934051
0	728.4443061188314 -863.9914737455467
0	494.8453365929255 -917.0990098174129
0	389.51109535472244 -1167.5703732509387
0	749.4863035406224 -1014.231454964204
0	598.6055254328012 -977.4026680733076
0	599.9903329881131 -932.6200362629926
0	561.624205583944 -840.2886144974466
0	579.2313336247382 -668.2678754815885
0	488.7662283645687 -1033.2713201567117
0	544.3861148804077 -897.3408911458916
0	537.6531987816604 -919.7560134858144
0	636.9865856630759 -965.190441046297
0	338.6503492335072 -870.5695208154671
0	564.0485268783854 -940.6226176517297
0	566.0304324609933 -966.4623304135699
0	652.6579847223645 -876.2800874055343
0	597.101519550341 -960.7183673416251
0	656.2990989732124 -895.7609614091298
0	632.7944056750122 -1071.223527685324
0	831.8331982016556 -981.4580416922612
0	435.0319099546216 -980.9193905417912
0	571.2050004243722 -945.7908861088604
0	365.4920032469523 -965.1037921795497
0	595.0866205538389 -522.5471918598016
0	586.0914857048108 -943.63646399339
0	547.4141067506537 -833.3396707016811
0	817.3008423967378 -1014.3759046364999
0	529.2162286579934 -958.5963101646081
0	609.1878237672653 -1144.4545855338408
0	635.4535940491853 -899.0787741351136
0	646.5111362000201 -797.3897239391604
0	602.8317531420813 -893.818113259865
0	370.8953421000921 -975.8576780460351
0	460.54490073351127 -967.4929136749248
0	574.3763506986619 -936.2546652885289
0	776.397640388748 -1146.8323356276164
0	621.9967852300996 -1041.6915748445153
0	578.4232944630625 -901.4393209303255
0	580.1752633286469 -958.8139376027674
0	546.7638511982267 -864.555640910476
0	619.568779394089 -971.255367705269
0	544.8601035785526 -811.386642686299
0	546.6266646643799 -1077.083914865661
0	819.1995139412974 -696.889966025643
0	560.4860891745082 -938.5282314324464
0	687.9685907898765 -1382.8821465274689
0	489.77983143484016 -1034.255203046279
0	536.1925262288973 -887.0439440013831
0	600.7708928667387 -989.7050713434825
0	593.9190686033807 -1082.6684690012264
0	536.8763000265926 -963.2615231991539
0	706.9059423980339 -939.3886183002311
0	669.675136930244 -861.044207734761
0	863.634729636019 -809.4152329940862
0	665.1050004946673 -1042.536910853457
0	590.4451299187849 -1037.772248191082
0	868.8359309943047 -938.1838974950659
0	585.1620163436173 -929.2955231234932
0	507.3609385646003 -957.2005557372136
0	549.7089579446629 -1123.6879430150555
0	757.0391173695452 -680.0854273865509
0	505.0463255334682 -855.2378693752645
0	606.4863207363727 -813.5294404855415
0	564.8842242451177 -994.69095110154
0	559.3887699030421 -1002.7014999861772
0	690.2915356785122 -725.6615426033622
0	459.85423663173924 -645.0899089048069
0	481.6932981299041 -1054.4636355370026
0	524.4822624634343 -912.9644876408886
0	398.15036216353684 -1026.0666340482703
0	473.42747468357726 -645.8076348176289
0	482.45005607532096 -1234.4749997137542
0	556.3162123859532 -863.1495867591143
0	569.7817734195158 -932.409612623556
0	469.28836334043285 -974.9623825248142
0	528.6135525146206 -827.3387685881258
0	702.2918792675991 -905.2519109773659
0	569.3501213633726 -941.6501597258142
0	587.6310003869094 -943.2806626035147
0	813.8617432980477 -895.3655334186628
0	523.3522279947998 -1264.8448553849166
0	580.1334444259448 -948.6508099752784
0	585.2766043745964 -872.1936911943426
0	861.2760839687073 -669.8654171400538
0	609.8972079534525 -435.22449493241265
0	387.9599511416428 -855.568275202648
0	586.2256265967696 -768.3201935437833
0	654.0875687827285 -911.3984139948248
0	659.1340293581773 -975.9394830078128
0	623.5954732954837 -899.2264508340368
0	594.7378719432127 -1027.6604476553518
0	628.6415106927581 -699.9851175347275
0	512.3729311008063 -918.6177968040644
0	702.6531183237784 -1078.8506169161283
0	490.1419346616179 -826.246888455421
0	600.7213601523092 -948.1505101932989
0	577.9986563687285 -937.2219386058807
0	940.3958911266154 -591.1630841471917
0	497.31866409203025 -932.5222653312402
0	695.9067206448686 -1023.5843644743073
0	131.6513184124246 -1156.227551304829
0	600.6978495210852 -864.0133853171204
0	576.8661151461588 -944.8978533152921
0	465.8159589274037 -967.8560526341188
0	548.9918840331181 -657.0623121484189
0	540.7532592575284 -893.6519663683683
0	448.2364377786188 -889.6072170669448
0	509.54926306283505 -1053.6002195436263
0	634.6961702423182 -930.7217326252339
0	520.5718471573464 -913.5353434248074
0	561.0691163409896 -1010.8008713424308
0	539.8154396699048 -821.3066638687841
0	616.4755982095776 -936.3190586688714
0	582.6766152171224 -959.6357987910396
0	623.3249852387212 -978.1514804154491
0	641.669119162561 -930.5327426286594
0	573.9318832029647 -915.4856284343041
0	636.4240237733508 -1102.1136518120854
0	728.7007281238732 -989.1056044770419
0	450.61615735662184 -900.2702194628613
0	477.13051825323316 -622.4326156082483
0	594.2446160540446 -914.1327788248024
0	599.7438612050264 -960.4927565747579
0	444.66780350879395 -1007.7124852589735
0	658.4988437599958 -1012.8173919175852
0	644.8170656423953 -1080.939766539215
0	693.4760556992704 -800.6587325976194
0	479.22446747871606 -1029.2302344230463
0	648.0507099111567 -1123.0490577182768
0	622.4773554500217 -812.9092007790749
0	644.275177970832 -941.8137764590599
0	505.718057606406 -960.3524597667375
0	469.45261901501254 -748.2572891825596
0	506.6822276794128 -1086.0260437344773
0	524.7926677888302 -914.5757473935518
0	531.972169366398 -981.2748119137517
0	697.8306584342726 -928.5630290991335
0	292.5054282942234 -1186.5335923279529
0	568.5955736751085 -1143.390599130195
0	616.2854796369378 -1001.0578130884305
0	996.0637109073657 -646.508054323313
0	737.7288380541106 -511.25910757374766
0	644.2684798077217 -753.3265517508245
0	647.6546289779599 -1087.9889289438638
0	537.8617795452533 -777.239163054576
0	567.8889003872861 -947.2317105544464
0	549.4417317742199 -936.6432727502432
0	573.9092420551715 -933.5618913086082
0	570.5284611623251 -1183.3803635098047
0	723.7052976079622 -828.9765604033815
0	662.1037789135573 -967.4384827135069
0	415.1790975425539 -1025.0875775155591
0	742.7126273553649 -837.0756303854866
0	617.588457222841 -982.534681080828
0	419.0432249233106 -1046.8545797240954
0	718.0714502257792 -903.746411500547
0	446.9739126700046 -953.7281834056133
0	569.2659600125417 -925.3457352980947
0	504.83244143936435 -1163.6520933916527
0	292.71627259578185 -904.075478503825
0	630.2640603815199 -912.3687493380397
0	620.0888008390353 -830.6873434271263
0	443.46755293473086 -1153.1191314856542
0	565.7220811235725 -1013.8669222254974
0	669.8726292437149 -907.2168898283473
0	655.8817307519216 -946.7785390879532
0	581.8262923343648 -945.3588184054473
0	442.00992198332074 -880.35996268001
0	519.4427973349462 -925.4494260789519
0	577.3719163805197 -957.2047651458294
0	527.0381284879923 -967.5398978570214
0	407.9113745513775 -1279.793701366678
0	662.8524873609329 -1011.7910155355509
0	569.1924804212686 -936.2179702047849
0	766.958124507391 -700.8722987977679
0	515.9966561666275 -810.9013430718442
0	612.5201310189902 -875.8700058963586
0	752.4689202923845 -971.0402446113154
0	565.2731997453202 -977.261100585973
0	426.35444143216296 -818.497744954283
0	705.505340915359 -1099.6833504514912
0	595.3970779303053 -918.025083772597
0	485.3852860963044 -964.7503321141414
0	437.01362702169627 -901.6397515599298
0	529.5633432381393 -913.7744801872469
0	407.77605708899046 -753.9493860778659
0	607.8702269848205 -874.4866405256023
0	791.923118890214 -602.4128633595262
0	708.0306309250573 -978.9026707769186
0	620.9402038248111 -1072.8242773790105
0	838.9633116180144 -1007.4275201489158
0	610.6850615757971 -969.3723540745788
0	730.2946594967894 -960.3809115398905
0	544.4622266921917 -882.635067374954
0	756.8130488721118 -842.912758460565
0	533.8127370078225 -945.0444474618538
0	788.5203036295179 -1026.5302048403744
0	758.5826805093634 -976.7437811861429
0	605.3316766556482 -1056.526009719492
0	608.5014199300826 -842.895980045727
0	672.6472912665376 -840.452849814826
0	535.8614327753735 -1008.052685955071
1	-63.909506450611985 -735.3792399027259
1	243.52089223493792 -581.2072153474513
1	-2.154532412734625 -618.712282784114
1	177.8325728374588 -689.2324404034797
1	-15.051237559185779 -329.1158172257681
1	111.06539572760781 -633.3120529131243
1	136.82268116638718 -451.13165627509466
1	183.3950190728638 -351.32746545872044
1	320.88397690038687 -802.0317758540498
1	-25.580193648086407 -741.8344472482241
1	94.57466993384259 -590.5770114024579
1	-35.50662429129565 -717.1711295500223
1	169.5842252601934 -282.993519082929
1	490.07553322118554 -588.0127121738765
1	109.9591524651707 -378.9063984248247
1	165.64162712151065 -444.675926139338
1	104.66740347266828 -828.6146207773614
1	-34.79921792068373 -786.9555776772751
1	84.48507657341564 -597.6798523254344
1	70.8905131223653 -592.4429645516021
1	184.80872688323655 -802.5632654187297
1	91.52800609661794 -668.2381572087927
1	173.87774556333056 -637.4648283905864
1	83.7068667254784 -682.7154933131909
1	134.2666844098439 -866.436268542064
1	272.23226680027915 -842.4389840836243
1	49.68666291673881 -733.9222774294568
1	186.738617049801 -648.5924838220452
1	167.77150015005412 -645.7341939997914
1	176.744532941778 -563.4535060508242
1	147.6309803296731 -679.5125152339725
1	115.68326591615096 -421.52387047950094
1	151.71394761788395 -647.5915077830781
1	-61.447990885379426 -882.2034631416166
1	318.896132667484 -737.8017808651275
1	167.26634127602406 -672.9867728741607
1	110.38595612457794 -499.91246993655864
1	295.88696720747896 -673.2649104080953
1	159.68149348112422 -716.908209720708
1	152.39381379818076 -591.8650214874413
1	122.8017730705595 -636.7727107601208
1	94.66689533878082 -658.6688607277954
1	358.57273710735603 -552.7272065727266
1	198.28164529018184 -628.340681345405
1	150.6032982496379 -678.7085499310128
1	166.8566612310272 -566.9690572572802
1	164.70950762061346 -684.9647638146097
1	227.89800651796003 -769.8239400122087
1	232.83107586800142 -610.6930306029759
1	199.4305431904115 -617.7598486033138
1	100.56418393024404 -589.0121411109211
1	183.26832858964863 -684.118766270034
1	-34.11956557088226 -359.2921335795061
1	89.834801713619 -678.5328703104251
1	90.367468368281 -721.2500012266767
1	240.01570468630467 -660.0570363824725
1	149.0976829870372 -669.9236902341164
1	220.66322127049563 -327.5123711156958
1	287.9452668907232 -766.1894434010732
1	177.27325821626346 -655.1438468570142
1	88.01422285792023 -187.43323689955
1	214.94280461920664 -568.0573881593045
1	147.2944079751323 -669.3376469905095
1	91.51378756150733 -640.752723561051
1	182.91825507840244 -590.8444962410636
1	129.6769618236892 -648.8705096963417
1	-66.53334476205524 -713.2457138800124
1	214.41492258569562 -674.1880913419321
1	-60.81293089071491 -524.9017996086347
1	239.02972315390298 -583.0673360315673
1	152.1855981424738 -652.6024249256417
1	9.683776509754352 -737.9890820914087
1	153.08424994972654 -576.8096620900108
1	102.6678910930442 -761.2420362261223
1	188.81326009153105 -658.095346778609
1	245.77099982107114 -692.0958656198303
1	38.379953843438685 -806.4950340078522
1	130.17589538487712 -637.1697730359078
1	12.077579626670769 -506.3227566162656
1	451.1767088179856 -646.3401486901774
1	86.29467868431723 -883.2270824504405
1	208.34466418016692 -518.5389508408842
1	-31.527772922656595 -732.0939228248238
1	-0.8705242636805508 -703.1215401299672
1	264.4475912322283 -535.1907199487734
1	507.0078313666097 -438.5759242287071
1	69.88118492567901 -683.2168302041492
1	226.30020967762437 -491.21967132664633
1	153.25352226265287 -722.7670006647003
1	543.262294262645 -441.7453523537386
1	302.31973791171714 -777.8795015760784
1	-24.709583804481042 -743.1049183313703
1	169.02612269618507 -585.7660574395757
1	80.98633867973409 -555.1917893477339
1	77.64246793608547 -603.5410305386368
1	142.711951540258 -628.6614808414487
1	341.4429678882555 -639.9640371923234
1	-143.93751906921156 -380.2801053519009
1	56.840318946500716 -714.7724014765553
1	142.27816948122103 -701.4279261171973
1	159.1814211022967 -671.6385506735099
1	287.43290562551977 -700.9176442963435
1	93.07746132448898 -649.9137161006154
1	45.17748510075853 -579.2800732738912
1	238.73823209083093 -687.8712530840999
1	32.01462887825652 -647.6412547780841
1	143.0864740357804 -737.584961218291
1	-0.6214864390169055 -593.1830025825045
1	137.27844110999683 -750.8169233670885
1	279.61566937571047 -810.4650080857634
1	204.65910753114215 -1019.3206776266229
1	70.07422595621966 -658.3930686466505
1	247.60138776814748 -601.01576037321
1	334.61734117149666 -666.9718646942664
1	255.47280438635954 -448.75643592159395
1	170.36525974631775 -792.4398275217661
1	333.1272435306902 -774.2963245276503
1	162.35824360333433 -669.3617302552761
1	155.0919806499088 -672.4928881097882
1	155.2900560336052 -597.4984933447853
1	159.58412039810574 -687.6278588360472
1	235.99837268743943 -574.9795385787554
1	180.0683750750344 -603.0995545133142
1	313.4789281994924 -385.24047304234244
1	245.87272197858124 -483.7475497915824
1	310.38600289381395 -467.6424474790048
1	5.707459201089989 -944.4545869001706
1	222.40734066993713 -641.5312748092256
1	143.32752704705234 -485.8887966913464
1	245.0384370962298 -762.0734991867981
1	129.0216085301212 -623.7163887933551
1	134.2737199574275 -678.234031588495
1	165.71629071785003 -889.4078282938195
1	396.52523832079066 -657.6293249893776
1	155.81376452592718 -663.3511359489039
1	201.95839333926213 -610.1614888687657
1	54.83729999667125 -904.3811344485978
1	242.28608650620268 -377.1755098864822
1	161.32502756878796 -646.115864668637
1	379.5645929793179 -753.2569561389462
1	296.36556681750403 -531.1618434417451
1	-124.43855106579699 -671.0470569979553
1	380.9314271832858 -688.5030875566227
1	246.01153289012458 -564.6767569338074
1	188.60991216936227 -670.7121536975857
1	-85.57378807345404 -753.6507374426772
1	115.05545659875526 -716.4951328802523
1	-189.00385400172624 -801.0584083486165
1	172.48750507135742 -387.574266954265
1	147.6785823730042 -672.3373925680479
1	252.0910136406056 -721.6153596880536
1	453.58075703441307 -365.73321985602314
1	-62.181745504933275 -676.4457054848112
1	159.88242793717626 -631.0851782511135
1	190.74881337080296 -661.8894946840854
1	159.7205776534252 -778.987768381671
1	235.4906126060037 -591.825582062054
1	-280.7342946584281 -716.5087635503921
1	330.31710060753284 -540.1645562287197
1	107.45655174017841 -652.9597920421865
1	51.18052670908146 -357.9913509528035
1	354.44363950623426 -660.6902149029796
1	159.8683462249545 -672.0739909524486
1	181.68789838996102 -724.0563688861412
1	91.35460385143178 -793.6206624889381
1	188.10202198168943 -717.0981424178117
1	169.52065816449326 -657.0564688435437
1	212.97881317935764 -746.6111396066531
1	263.5287536662551 -610.0682679747379
1	182.57788694005123 -718.511468808276
1	153.89039709896517 -438.8841254905582
1	136.12861382523147 -735.1141698830584
1	157.65738100641622 -671.7178491915447
1	-21.94007616253819 -776.8099785194261
1	-73.88949648435741 -614.2347861279317
1	131.21796199334412 -451.847431527769
1	61.45903265594269 -602.4293787691975
1	197.69807217644626 -650.8725119104457
1	47.238186816688156 -744.3369785525613
1	265.9858618106169 -850.4490579434038
1	202.3479942609115 -525.8793233536302
1	160.78790251613006 -632.3006862279417
1	478.10701418441545 -508.2467316329595
1	201.92187247822739 -799.4206685451697
1	288.220960921661 -723.8309592828555
1	91.64294267327772 -499.78164318291664
1	162.108036546066 -519.1208996166423
1	349.1787874142048 -685.0945586860639
1	139.20059147797647 -803.6674732509275
1	177.4751899335049 -706.2533044897159
1	128.29838223394788 -613.7645367465204
1	230.4773207797278 -434.74222264352267
1	153.8900240701659 -608.4898128297195
1	102.17941535274326 -812.0554804512053
1	276.64796281674285 -725.7455622546366
1	-124.56644365243804 -760.5911556444223
1	99.31647378833904 -557.1568596910577
1	152.70551657158805 -652.5651264164735
1	-33.36311969623736 -675.7932689557557
1	139.2042024987808 -758.1643192586314
1	116.72531329357489 -633.9116547748366
1	158.52183505184516 -672.4363248016931
1	169.27877510019943 -658.7335812035816
1	327.01740312248523 -826.6588653214096
1	147.3772175178854 -691.90976562165
1	-12.400989531119393 -764.5783761802785
1	228.63321712848727 -508.9597186981774
1	198.75471685758055 -576.2697527679821
1	171.02109641834505 -674.1754930339785
1	156.28028385930992 -692.2357656339776
1	218.05936134658407 -518.9882362025544
1	141.43012536444627 -698.6989676702029
1	204.5471332550518 -636.1755153305558
1	-7.411739210314863 -385.29867082333243
1	-6.237680213986977 -737.9766358355466
1	136.67441241259337 -627.9852452973184
1	174.2621226118182 -653.4591632172212
1	138.6973953401993 -421.9769928138348
1	-286.1884801442949 -541.9839906267393
1	-67.70225991482911 -679.1904483153204
1	53.017422512802284 -698.3069548758721
1	181.57042999485338 -633.4583077475971
1	314.4621390341296 -754.8957247024681
1	-159.31051613208015 -980.9592154812005
1	73.14945013765112 -715.8954090313333
1	134.6584074257708 -555.5808969950597
1	12.324460216753835 -553.9631680318827
1	39.39226018782284 -715.3452649482774
1	167.90870241585932 -787.6026231238451
1	182.68044569668373 -572.1472934718071
1	-92.80736757600855 -416.27458301914015
1	70.71591069567923 -551.8782949671308
1	98.38335656083939 -669.0684543016915
1	171.62647392263005 -681.1910908090546
1	173.06074944210553 -558.7017295603318
1	119.35182337655567 -723.1346634801614
1	228.84173054392411 -456.3320583267815
1	158.72191313728288 -677.4674746732502
1	173.477529755894 -440.19763164207416
1	351.6577932657584 -433.60416995664485
1	-1.8335628545040663 -689.4711060468443
1	-73.98855484096049 -894.7130209801053
1	159.29260097824215 -751.1724401592749
1	160.38842485335834 -672.2919043004903
1	164.96296704799184 -669.5163713626574
1	273.8004807353804 -753.3716882687004
1	242.30588201387565 -658.2402880892877
1	168.89670960009266 -695.5700907298308
1	110.0902020220147 -590.7081288754225
2	373.54878116064424 143.98461075823468
2	402.92320576200297 243.40522889954312
2	415.4014088444246 -178.9430692035477
2	401.6506207054829 96.03300457440875
2	233.71116890008423 146.12468616588288
2	378.38176236378433 194.56758873167252
2	273.70332251496615 343.72220299450555
2	641.1985749569598 246.51395069952727
2	391.07177485979304 208.76051817599063
2	328.5793919848255 218.7053186958123
2	403.1811185768384 428.41928639751006
2	128.33915963024043 -24.27434403152364
2	397.9599711126787 201.43001435055456
2	397.52635947358385 318.83370294740587
2	556.8900791907337 83.89276370678998
2	381.2507880164549 160.1345413188214
2	687.2949784561681 533.0564108253217
2	848.0077111479768 483.83409606853365
2	530.3286659391538 343.3920471709916
2	593.76056167002 235.78940317136812
2	719.9678997245644 228.23107139785247
2	364.52886174470535 217.0538207371474
2	475.18332369016713 244.38096047254228
2	366.6079921445719 286.344239653613
2	107.68123313228699 297.0099698781744
2	772.2508754589903 -15.718206645041676
2	523.5240602395096 568.9853220887943
2	365.0507381402612 204.45093523191596
2	298.45814056739573 348.6386215421729
2	612.4066399082292 556.8169792857759
2	407.83018888806185 339.9540208648706
2	277.5601491471523 355.06133320877245
2	492.5590001813256 256.39009060636425
2	-217.58267720495377 285.0702044786078
2	89.38694734881466 3.9521397392150845
2	522.7626842373326 -225.78312224398715
2	312.4635676712979 104.17817459314311
2	496.34075257767404 212.355407824578
2	396.28811106188687 199.76859944324224
2	671.5108219563967 331.11759181711466
2	401.1376318417502 -42.27502554796456
2	462.46658940479796 143.79995913602482
2	548.4006946266081 30.49111091144988
2	496.57593964599323 110.59193084022777
2	308.3988346559259 202.35117094031065
2	420.7983757740778 338.9125354772738
2	250.67412390315664 348.3502787177015
2	335.48878108282884 139.23026616928541
2	452.7302422520714 318.4582635636192
2	623.6054548437003 191.01754957328419
2	371.4657229761367 100.04307847525602
2	516.2874355928943 264.3679967415694
2	478.36604819277863 -91.48759990404758
2	359.46056539740493 166.3361049988648
2	504.1884153701633 83.35921833816582
2	717.3705984805717 12.079095477309323
2	361.80044201453944 70.20351019592127
2	394.66621873183414 246.11788612907026
2	393.8944578130262 208.32317012379227
2	461.93532896502853 217.35280180149962
2	419.177478007905 194.26998611911054
2	353.1988165980123 212.40911188118432
2	620.6675423382671 233.45863395085755
2	167.4160324752167 342.219554142658
2	514.805497437799 142.13134101806577
2	329.7659296038937 262.6397515751843
2	468.4275783256718 172.67366413209098
2	250.77370993144467 264.7939663564517
2	327.4475039989983 76.33710747577692
2	141.74685901282012 199.74026926151677
2	352.8400505973004 305.1560817582062
2	404.6927179500055 213.0199226241821
2	357.5538661805347 174.68066372678933
2	433.7139036402235 291.233746951947
2	296.3053817027979 337.2997321060474
2	384.2204526667902 206.60131051380293
2	1013.5326628161126 142.51580754535033
2	591.1987275099865 15.558864027873312
2	308.7651805000549 239.40657061401492
2	680.0139622568499 141.69358709314827
2	279.05525985173904 191.09597077832802
2	601.2002750515742 112.49674793041171
2	114.7311901207458 508.72064536225184
2	341.16343337255614 266.28542771109494
2	551.6358990709386 101.64029724454996
2	107.58088113063957 215.03691502436405
2	385.4828184978045 198.1339508674701
2	381.91317185031744 283.234367755726
2	578.7000968749269 217.39470778333953
2	484.64647023788933 191.7791907024262
2	527.220203046879 144.59719294892804
2	383.5491541148612 209.69465067663077
2	384.25494468864895 158.01038983916504
2	411.1985134966503 150.88908884606224
2	58.68971870952623 370.5511198620976
2	245.00516183706523 -42.37788144654533
2	316.3261171823441 210.1217489184421
2	473.2823075916948 348.6811275388495
2	407.4513691060038 164.76330616942167
2	346.3158394307209 -174.5311838627962
2	332.62707365610464 99.14957882539194
2	523.2457064128557 68.53293728627546
2	426.9787199168564 184.75598020401236
2	315.41378063370786 144.64758143089796
2	678.0357339269958 284.02413174034325
2	181.15441001139135 78.56649627653965
2	366.2847930070545 183.72869057225304
2	95.4417853100689 164.02442212951019
2	309.5168127101946 212.88478617408717
2	353.24996327235533 305.3381645212889
2	409.42165348067016 218.0184501129843
2	496.6974890111374 93.94392371274658
2	373.31615429633644 206.37468821169463
2	217.746124371308 390.64177408581463
2	391.5163611763949 184.86609814138367
2	433.8930676474553 103.0393228535033
2	398.04116213013276 239.3863140261155
2	288.746080681315 258.2455961994362
2	316.70861153258306 196.122824495852
2	245.21336361536007 268.7758965410004
2	337.72085271109427 -82.72798802922622
2	403.7464639756465 121.75118563619478
2	386.081902595625 220.0929531112344
2	430.8189899462361 195.10094108591716
2	300.2030750560967 -83.86047548345434
2	442.00825312794314 209.06365081829136
2	334.41545446394474 133.10445879793403
2	325.0872892511839 436.82652641452546
2	426.4247203611274 188.04023759868787
2	380.88334791540234 202.20166752538202
2	420.89197581381893 97.922594187267
2	348.26763223356704 157.7354799878833
2	199.2370544873121 216.88718560934666
2	469.9693531470378 427.0006690293281
2	280.0256188036659 398.23671633882225
2	452.09749408356083 219.95796801893874
2	706.1372798513844 544.5589537967803
2	508.4315286259095 257.7161474483002
2	399.48001997956686 247.86806826329484
2	418.1497015659763 265.11296171545575
2	161.97267984632856 440.3255306026624
2	121.29680726883907 -5.302522461892011
2	383.7793284050007 216.41933180239513
2	783.6404670737168 493.0025157921109
2	258.1745407505467 -147.49704836246238
2	465.5263461859014 417.6606383910614
2	407.46434780101697 243.48159161431522
2	384.3394695020185 98.78886003771306
2	273.3200404559096 249.37669055965392
2	289.9051501632126 364.6357664135887
2	218.1656483301537 251.6692645392763
2	288.6358303597274 550.0995301012659
2	200.4095632518597 481.7074689864859
2	339.4839685518381 211.34879164460693
2	398.5204264513702 67.8269784843385
2	-46.01602804936488 54.96773388020068
2	-4.926410298155361 -3.149962294318698
2	736.8835471466364 64.48843230728846
2	341.05139769425966 163.23405092244042
2	345.0658183865982 291.90734393123626
2	318.37217590774924 195.30093889183982
2	279.98450473689024 281.80666478796616
2	431.25004179432835 95.98297701941722
2	62.09449907693045 -3.716453657831096
2	445.2975227670631 210.51423706621483
2	393.6890146925066 209.0553820206866
2	428.63179668366786 202.5047427833704
2	290.76759369903294 206.7933310542386
2	598.2015432566802 296.3185715817254
2	438.02620492469407 224.75360578419983
2	837.9473262051179 174.80067144904163
2	306.71910764594656 162.96382967032565
2	172.81725337937695 17.881062052591574
2	370.4482076769402 99.72435965931835
2	139.63663384553857 369.7415729886835
2	324.0732248687473 186.45147681819014
2	384.5349374115237 364.6972607522584
2	332.4547398217098 24.041089109230654
2	303.4203565949147 163.12149597017344
2	393.72677734012024 133.4758101028321
2	377.91379545104866 537.5747958512899
2	359.45662850720834 246.71326928168727
2	261.9272428863855 53.266457328382245
2	306.6516675665654 173.69883209848064
2	249.30224593993879 -97.01529260837768
2	366.1980729057454 258.40824355866016
2	326.2928704698409 387.2564800156165
2	465.9723340583178 156.85053278927683
2	379.14319621559093 212.85774784511642
2	331.247559231119 295.5820573570417
2	551.881663506416 314.2146488921385
2	312.2664765300259 209.31495071328305
2	469.2312088586522 167.9605536856635
2	466.9087569754059 586.757370155728
2	583.0516520213974 173.28274953255226
2	348.6336783590048 -58.185014033474914
2	393.67785575766885 -133.2173625506658
2	122.33818108017681 15.943636245297455
2	396.2162282080739 208.96049046164802
2	351.3787028357688 -12.088695558260497
2	371.6979086556023 181.32171453690168
2	427.914945896361 257.6767195458242
2	585.8719646383652 50.00621525647955
2	344.518611779465 312.17320581276425
2	255.43328457404 275.39288946219295
2	402.5252157071896 213.06879955962174
2	364.1275758549105 377.58057623921235
2	179.37303853788984 263.14481545544095
2	409.280243665074 217.1933932482261
2	328.13758715980805 309.48574650395744
2	292.95052536722056 221.9977188170414
2	396.2342300849445 214.5609827422803
2	-61.811811156408965 -95.38519907309441
2	431.51123007563604 319.7503089251511
2	369.2623155573533 165.1445989541682
2	190.70144180618144 322.23981314572427
2	214.38232288563952 -155.6000829786722
2	416.33477151756045 168.15857226336158
2	382.4218660937652 186.31510444459303
2	487.65359387604184 113.94871265992394
2	378.70155405301637 152.7543605844047
2	304.60881442493684 187.9359210423678
2	395.0889354711112 199.4279221670703
2	513.1362792932434 257.6535257773969
2	387.7822254983068 315.4842712412516
2	464.04496823998136 247.1476998961895
2	329.50757523855106 107.9246224367321
2	437.43730002630576 297.81732782395835
2	603.3273830002231 191.20607275186245
2	495.1486013475814 165.2413481843124
2	333.63293766011265 294.63435147769695
2	457.1900933131331 212.6630439997982
2	585.606083559941 324.3311222396402
2	461.09384852635435 216.90877306432387
2	414.456127923774 162.3130009829174
2	242.9897400663212 239.52343642228345
2	153.1961083512633 233.82765409651967
2	396.1936322163928 236.84732395745394
2	397.076969311028 206.11364545139347
2	186.0532325608393 65.07811247161385
2	482.1917281240115 57.82733359645189
2	657.7814097350631 474.3362437802274
2	202.13251378358663 188.95409738466157
2	402.19992846055504 184.1372927123333
2	332.02552411826986 215.4581313901194
2	468.59807441923016 164.72378751919751
2	608.1917536264442 228.97197956268167
2	392.81488984800814 202.6884094090908
2	300.2865654782515 490.1251733979233
2	504.55324649971885 192.23138632131148
2	501.941617312716 107.82935857707004
2	313.0493508039913 129.68746332267443
2	339.15732973293876 149.34813747476682
2	390.9624298480468 208.66507339062875
3	-981.8531776987667 17.313690255647373
3	-1246.4990516971884 197.05780200706246
3	-1203.032207427162 143.62995439961398
3	-1019.0888537265798 101.29848037689347
3	-1170.166370963667 54.45854722663084
3	-1082.0599895757825 -100.85091473096114
3	-1009.6560910810757 -1.2228760601475983
3	-969.6417473367569 156.55494177917925
3	-1021.3555542991859 149.93410243919345
3	-985.5071858768113 346.21266955631523
3	-945.4097508612089 200.12916217524864
3	-993.3717027778915 328.66976761079184
3	-1019.9051822574851 148.27696075200396
3	-1106.8873256520667 152.45322700866816
3	-933.4639012241247 395.4384210933416
3	-1057.9284319197686 236.59512678126674
3	-1016.9946939038217 153.76430371873872
3	-971.3201571969387 -569.9415561454789
3	-1016.8576997810904 168.0032468846074
3	-1241.9693742472139 14.116174942045262
3	-1037.4482358075718 134.06351143622524
3	-1134.9805774127017 204.23130188646178
3	-704.6635715916567 257.75484860976985
3	-1099.924688824388 129.1479301247374
3	-1036.9247618825163 95.43479081276439
3	-1073.8137858742164 148.51270630901266
3	-995.8359166958913 -4.002398217457937
3	-987.4210009169152 130.3084743918548
3	-1124.6170517072692 115.9661778636312
3	-801.2379042844741 376.2180497119804
3	-1084.6955129397218 -33.55323624445484
3	-1071.4833708790834 134.31818625113107
3	-994.8476875956289 130.51802616416006
3	-1037.272692218538 248.20673191192049
3	-965.7524480651634 327.08382561222743
3	-1108.3008911226193 -5.5519568553648355
3	-707.6001114822155 165.25124001780583
3	-676.2886929114566 174.65051711285855
3	-1066.1337454289958 119.34374034566113
3	-1105.1398048064545 -115.3524235008575
3	-890.9656967768855 241.2598205763855
3	-1056.0936825929462 166.34330457086446
3	-913.4687404363453 -325.33161417024667
3	-1161.092501844275 -101.04166677824239
3	-1045.8213978339274 159.39688984089
3	-985.2574180090473 159.83269672325773
3	-1036.460178150534 102.506804959909
3	-1009.0449998029715 375.7085761059689
3	-675.808385310952 283.4226601465176
3	-953.7714204521162 33.90924165686698
3	-1136.0256988724966 209.81033198493805
3	-1051.5214712023303 206.69159248084512
3	-951.104592090787 61.52650988909424
3	-1040.4399201417689 175.8616335536561
3	-1088.4814826530555 306.6521632988937
3	-1028.5390502236655 333.9253360984564
3	-1023.0708479835936 82.51732524989531
3	-1007.5288211523463 261.8778861877585
3	-1126.6018937481072 37.66671769232846
3	-1034.2365962012284 -126.07486035726978
3	-1095.1530630863579 116.82501410803948
3	-884.1293535609362 195.41808912726145
3	-861.3346625847196 101.40175972333402
3	-1164.8491558882747 -142.8901648100423
3	-1124.7492347951768 207.97088854008663
3	-1178.034983820996 41.77622002713305
3	-1283.661491819419 159.67393025315965
3	-1209.8749998703265 -111.58586222546913
3	-1023.5311949241404 212.31197405380516
3	-1180.4155458374512 218.61665454560656
3	-1234.5367861144125 76.58868503618096
3	-1034.0108624729692 179.7336689629994
3	-809.284639458424 305.991888657895
3	-1005.7357933283432 30.933863263257095
3	-955.0907592497559 125.99434788583629
3	-1315.3376970270306 -140.2544082205633
3	-938.7313020924671 147.59887700344
3	-1092.550957620332 114.70578568102272
3	-1037.7100602888652 156.60441891640662
3	-1054.6291716057092 51.941235001657546
3	-1000.257039205288 10.9084862775901
3	-1127.9561015142565 294.06599355852927
3	-1172.800876699101 343.83956913934526
3	-976.8329940352562 340.59289000235543
3	-1117.1892869347244 360.2274283066732
3	-1027.596156405967 154.45420629720223
3	-991.8360300014887 172.01817748680332
3	-989.7279150865229 -13.90100969168526
3	-1018.8428658286276 250.4846011187105
3	-1052.1182538383227 199.31635292644907
3	-884.2426244479943 -11.62600727155791
3	-1017.6034455838269 122.96991306832086
3	-1048.6598161498096 192.49771386179512
3	-1108.0896272386312 192.04225360814618
3	-1231.4917773594711 180.94909293322533
3	-1197.1688696311276 368.80867128298615
3	-1196.8345579461782 435.9214094708583
3	-724.7924654435122 286.2144031344844
3	-959.0463532560669 304.0037923461373
3	-723.8132598453071 160.1248273612032
3	-1122.6408440789826 225.72957948979027
3	-1054.5913498430507 148.40575275819947
3	-983.9226972509919 474.552779958501
3	-980.8772027743157 550.1313285550169
3	-1191.056640567982 225.08472472042118
3	-1041.8960032235334 246.63079564112826
3	-966.4832707941257 259.189994240292
3	-969.6601165055968 222.7286489080638
3	-1033.6864783347721 80.20214244977473
3	-1198.3480070846604 180.95163716902496
3	-985.3456416343404 285.73791325113933
3	-1103.9575431843937 98.65918765589495
3	-1075.8190851790937 248.9418468626411
3	-850.5797656576715 300.1132861029315
3	-1419.7381091024522 138.64010066874457
3	-1002.2230767970232 266.96004228798995
3	-1008.3862829162543 130.49084596780298
3	-934.3602269003314 319.8992559563735
3	-863.2813065858913 192.2312478403009
3	-995.4355048775855 160.2647646104925
3	-932.9018000727505 36.83359892906901
3	-1074.7690864757642 156.2460314514349
3	-1005.9323515684755 74.40553970883506
3	-921.7433961256354 143.65895523898786
3	-955.39913331545 262.88825711637355
3	-980.8523937121557 216.08885950330028
3	-1082.8442211824017 90.35390504131082
3	-708.1609551252099 223.74739322984016
3	-1274.0462948267077 -105.7471986197796
3	-1013.8185773690889 -25.743429247884308
3	-1053.7631784433622 226.27855697665794
3	-991.1072298202058 73.21835584909793
3	-1084.3169055315338 165.87624222053765
3	-932.9976396305631 289.9507053832073
3	-1102.0126415333648 435.9632710209545
3	-1012.7426378056255 -78.39026447071811
3	-795.168011927386 359.338485908822
3	-1083.2507118151427 96.83841308194695
3	-901.9944901975553 -27.846081037633923
3	-1043.4977458068572 212.49823265925045
3	-1027.4761792238346 154.4134973648211
3	-1133.9129291789502 142.5176741805384
3	-751.8497732204305 349.6043936070369
3	-1049.0190408728174 181.7346795140263
3	-776.2906121501244 5.720887349180856
3	-1106.8524856025251 369.99484934894207
3	-912.0732101458793 46.60952455935676
3	-1326.7765449294443 -173.90828422416413
3	-674.4187528396262 171.9663157418602
3	-919.746343679898 -47.795333124765904
3	-917.3790386566603 -383.9382360292576
3	-1077.8937631689682 171.41793435266902
3	-936.2667535933434 166.41424401568358
3	-1052.8082231857948 121.09428177807021
3	-821.1540016758892 -206.0831984856989
3	-1018.6383825026813 114.80077725611739
3	-1055.6191275318363 82.72548431907859
3	-1158.461100897121 176.54607424435275
3	-1032.4951951250941 24.55757267102834
3	-937.950966257365 462.5383763399424
3	-1012.5017688678439 111.7864621762601
3	-1316.7763682876205 223.15249914261614
3	-1154.2966379213742 121.53374426676542
3	-1139.3950849081793 342.65073779383374
3	-1357.8726543641756 221.45288543006603
3	-758.0494123784063 115.55931488269078
3	-1027.0641119409356 154.55111619596903
3	-990.6602870300027 159.7088547342044
3	-986.5959262955266 45.394493237740804
3	-847.6579839766782 -119.02694438271348
3	-959.1980630311228 212.17355970158152
3	-1128.689453083113 127.42367795609543
3	-1070.7534101342017 218.13856696437637
3	-1029.5640390098927 175.44953202673165
3	-923.1349294748399 145.26660329444223
3	-1004.3793403292036 159.76452423455268
3	-939.4432001739119 143.42382123466982
3	-1257.9075344355308 129.25005604665918
3	-1100.8473321388803 -159.52721062411578
3	-1073.2166207579949 240.0968427839639
3	-919.9556890185935 569.8693727763505
3	-1050.66305482747 261.3965777352329
3	-960.8483076469101 103.53291160293301
3	-835.961645765432 324.7478496436895
3	-944.194168027034 280.07789221397707
3	-815.1393122251635 180.75573682604386
3	-1319.4773693021803 90.18239655691899
3	-739.8513073220124 142.71196579990396
3	-1094.6822868984016 -21.19578711743185
3	-1159.7935544951188 6.186952478489445
3	-1049.828129414179 201.65217549919228
3	-1169.7413622022743 143.6358151872085
3	-865.652176513639 97.17500844069829
3	-1507.6369139853396 97.10851797201384
3	-974.5968947561911 175.2997592229874
3	-1083.5598467389696 -68.87167579478182
3	-1150.3922982389977 215.11981903286727
3	-1013.8909692826625 176.72386865160607
3	-1050.1271497690868 155.34573004357796
3	-1073.8591238331912 27.82613875738177
3	-1348.1354925937685 -237.69781876130932
3	-950.4528536550795 132.86594642385683
3	-1061.3033668568953 -0.5197918080953912
3	-1016.3805864102071 -55.27811303612242
3	-1027.0932068554819 211.31774825206455
3	-1093.9099516953552 208.72357297160974
3	-759.878208800538 -55.982854189885444
3	-1101.5370023763908 32.69651197023137
3	-1030.6396922383512 386.7466171619634
3	-992.9131410468126 218.7358672809205
3	-1114.9485875855855 189.85061559263852
3	-1009.8123117812435 195.52862192560337
3	-1063.123373017914 445.3020230924069
3	-953.0052501621777 32.26020342111498
3	-1097.9087694503164 261.9594799591701
3	-894.2754649796415 -143.22830536986564
3	-1003.3762878097782 151.88238570667463
3	-1390.6746347410403 68.13458253758667
3	-955.4179659614813 135.06419670902466
3	-796.4769402667839 304.9874780948959
3	-1219.4873605425657 -2.506630841680561
3	-1154.5784546296495 -2.9459028769690576
3	-1111.7908747597617 192.53163529687814
3	-1076.9024885208073 373.96043966716735
3	-1262.4956334803815 -90.82713190303244
3	-1280.7946634591171 456.69177809252415
3	-1067.0787952907879 164.74177809880214
3	-1023.053861943868 157.36024019224365
3	-1299.4901384015975 206.24956959576292
3	-958.0714901286699 62.488497956166825
3	-1185.563454873187 236.84456943026126
3	-1123.1444812117593 -71.3461053830799
3	-1017.5209078916138 189.4631082650502
3	-1028.2721966757956 163.49599714077354
3	-957.0201112278387 633.4493332107184
3	-1059.296711643356 64.77537102824846
3	-1009.0614469575208 -45.93968482687794
