390.9624298480468 208.66507339062875
339.15732973293876 149.34813747476682
313.0493508039913 129.68746332267443
-704.6635715916567 257.75484860976985
636.9865856630759 -965.190441046297
139.2042024987808 -758.1643192586314
460.54490073351127 -967.4929136749248
501.941617312716 107.82935857707004
182.57788694005123 -718.511468808276
504.55324649971885 192.23138632131148
577.2880195938405 -933.1083371314619
-1170.166370963667 54.45854722663084
-1203.032207427162 143.62995439961398
-1045.8213978339274 159.39688984089
300.2865654782515 490.1251733979233
-1066.1337454289958 119.34374034566113
728.4443061188314 -863.9914737455467
162.108036546066 -519.1208996166423
392.81488984800814 202.6884094090908
177.4751899335049 -706.2533044897159
-1073.8137858742164 148.51270630901266
102.17941535274326 -812.0554804512053
276.64796281674285 -725.7455622546366
608.1917536264442 228.97197956268167
-1134.9805774127017 204.23130188646178
-1037.4482358075718 134.06351143622524
344.09011482091006 -995.1810947725389
-1016.8576997810904 168.0032468846074
468.59807441923016 164.72378751919751
-1016.9946939038217 153.76430371873872
332.02552411826986 215.4581313901194
598.6055254328012 -977.4026680733076
-1106.8873256520667 152.45322700866816
599.9903329881131 -932.6200362629926
327.01740312248523 -826.6588653214096
198.75471685758055 -576.2697527679821
-985.5071858768113 346.21266955631523
402.19992846055504 184.1372927123333
817.3008423967378 -1014.3759046364999
-1009.6560910810757 -1.2228760601475983
156.28028385930992 -692.2357656339776
202.13251378358663 188.95409738466157
578.4232944630625 -901.4393209303255
657.7814097350631 474.3362437802274
488.7662283645687 -1033.2713201567117
597.101519550341 -960.7183673416251
635.4535940491853 -899.0787741351136
482.1917281240115 57.82733359645189
-1161.092501844275 -101.04166677824239
-913.4687404363453 -325.33161417024667
-1056.0936825929462 166.34330457086446
186.0532325608393 65.07811247161385
646.9167718544297 -981.9438439094778
397.076969311028 206.11364545139347
396.1936322163928 236.84732395745394
197.69807217644626 -650.8725119104457
153.1961083512633 233.82765409651967
-965.7524480651634 327.08382561222743
-1037.272692218538 248.20673191192049
-994.8476875956289 130.51802616416006
202.3479942609115 -525.8793233536302
288.220960921661 -723.8309592828555
389.51109535472244 -1167.5703732509387
91.64294267327772 -499.78164318291664
561.624205583944 -840.2886144974466
-1124.6170517072692 115.9661778636312
-801.2379042844741 376.2180497119804
242.9897400663212 239.52343642228345
414.456127923774 162.3130009829174
-1084.6955129397218 -33.55323624445484
461.09384852635435 216.90877306432387
478.10701418441545 -508.2467316329595
819.1995139412974 -696.889966025643
585.606083559941 324.3311222396402
621.9967852300996 -1041.6915748445153
-1071.4833708790834 134.31818625113107
265.9858618106169 -850.4490579434038
457.1900933131331 212.6630439997982
47.238186816688156 -744.3369785525613
-707.6001114822155 165.25124001780583
564.48224782746 -1060.3319796465555
333.63293766011265 294.63435147769695
-1105.1398048064545 -115.3524235008575
61.45903265594269 -602.4293787691975
131.21796199334412 -451.847431527769
-73.88949648435741 -614.2347861279317
-21.94007616253819 -776.8099785194261
157.65738100641622 -671.7178491915447
136.12861382523147 -735.1141698830584
-985.2574180090473 159.83269672325773
153.89039709896517 -438.8841254905582
495.1486013475814 165.2413481843124
603.3273830002231 191.20607275186245
544.8601035785526 -811.386642686299
-981.8531776987667 17.313690255647373
437.43730002630576 297.81732782395835
-1246.4990516971884 197.05780200706246
212.97881317935764 -746.6111396066531
169.52065816449326 -657.0564688435437
188.10202198168943 -717.0981424178117
329.50757523855106 107.9246224367321
464.04496823998136 247.1476998961895
580.1752633286469 -958.8139376027674
-1019.0888537265798 101.29848037689347
-1082.0599895757825 -100.85091473096114
776.397640388748 -1146.8323356276164
574.3763506986619 -936.2546652885289
387.7822254983068 315.4842712412516
513.1362792932434 257.6535257773969
395.0889354711112 199.4279221670703
304.60881442493684 187.9359210423678
171.02109641834505 -674.1754930339785
378.70155405301637 152.7543605844047
487.65359387604184 113.94871265992394
-969.6417473367569 156.55494177917925
382.4218660937652 186.31510444459303
586.0914857048108 -943.63646399339
416.33477151756045 168.15857226336158
-945.4097508612089 200.12916217524864
571.2050004243722 -945.7908861088604
435.0319099546216 -980.9193905417912
831.8331982016556 -981.4580416922612
632.7944056750122 -1071.223527685324
656.2990989732124 -895.7609614091298
228.63321712848727 -508.9597186981774
652.6579847223645 -876.2800874055343
-12.400989531119393 -764.5783761802785
564.0485268783854 -940.6226176517297
147.3772175178854 -691.90976562165
-993.3717027778915 328.66976761079184
537.6531987816604 -919.7560134858144
214.38232288563952 -155.6000829786722
169.27877510019943 -658.7335812035816
190.70144180618144 322.23981314572427
116.72531329357489 -633.9116547748366
-1019.9051822574851 148.27696075200396
-933.4639012241247 395.4384210933416
369.2623155573533 165.1445989541682
431.51123007563604 319.7503089251511
-61.811811156408965 -95.38519907309441
99.31647378833904 -557.1568596910577
858.2303579625126 -771.1199457934051
441.35836382277705 -732.9494960165714
-1241.9693742472139 14.116174942045262
-124.56644365243804 -760.5911556444223
656.0839109526165 -879.5757624827587
-1099.924688824388 129.1479301247374
-1036.9247618825163 95.43479081276439
560.4860891745082 -938.5282314324464
153.8900240701659 -608.4898128297195
396.2342300849445 214.5609827422803
230.4773207797278 -434.74222264352267
619.568779394089 -971.255367705269
546.7638511982267 -864.555640910476
128.29838223394788 -613.7645367465204
-995.8359166958913 -4.002398217457937
365.4920032469523 -965.1037921795497
292.95052536722056 221.9977188170414
349.1787874142048 -685.0945586860639
328.13758715980805 309.48574650395744
409.280243665074 217.1933932482261
-1108.3008911226193 -5.5519568553648355
179.37303853788984 263.14481545544095
494.8453365929255 -917.0990098174129
-676.2886929114566 174.65051711285855
364.1275758549105 377.58057623921235
402.5252157071896 213.06879955962174
566.0304324609933 -966.4623304135699
-1021.3555542991859 149.93410243919345
-971.3201571969387 -569.9415561454789
749.4863035406224 -1014.231454964204
263.5287536662551 -610.0682679747379
255.43328457404 275.39288946219295
218.05936134658407 -518.9882362025544
-987.4210009169152 130.3084743918548
370.8953421000921 -975.8576780460351
602.8317531420813 -893.818113259865
344.518611779465 312.17320581276425
609.1878237672653 -1144.4545855338408
529.2162286579934 -958.5963101646081
547.4141067506537 -833.3396707016811
595.0866205538389 -522.5471918598016
585.8719646383652 50.00621525647955
158.52183505184516 -672.4363248016931
427.914945896361 257.6767195458242
-33.36311969623736 -675.7932689557557
152.70551657158805 -652.5651264164735
546.6266646643799 -1077.083914865661
139.20059147797647 -803.6674732509275
338.6503492335072 -870.5695208154671
371.6979086556023 181.32171453690168
579.2313336247382 -668.2678754815885
201.92187247822739 -799.4206685451697
160.78790251613006 -632.3006862279417
91.35460385143178 -793.6206624889381
646.5111362000201 -797.3897239391604
544.3861148804077 -897.3408911458916
-890.9656967768855 241.2598205763855
-1057.9284319197686 236.59512678126674
351.3787028357688 -12.088695558260497
